# 小便池清洁路径
# 格式: x y z roll pitch yaw
# 总点数: 301
# 生成算法: alpha_shape
#
0.538561 0.381427 -0.660110 0.000000 0.797362 1.379138
0.569590 0.572609 -0.660110 0.000000 0.805071 -1.700456
0.568310 0.579092 -0.660110 0.000000 0.773413 -1.679880
0.561049 0.584732 -0.660110 0.000000 0.749140 -1.606979
0.555694 0.585767 -0.660110 0.000000 0.744645 -1.557290
0.549955 0.586603 -0.660110 0.000000 0.739785 -1.504998
0.543706 0.587195 -0.660110 0.000000 0.734478 -1.449014
0.532743 0.588117 -0.660110 0.000000 0.722254 -1.353978
0.520784 0.588065 -0.660110 0.000000 0.708873 -1.253561
0.504507 0.585889 -0.660110 0.000000 0.691867 -1.119408
0.486276 0.581992 -0.660110 0.000000 0.669114 -0.975745
0.463856 0.574883 -0.660110 0.000000 0.637445 -0.807940
0.439831 0.559232 -0.660110 0.000000 0.609867 -0.609738
0.429522 0.550706 -0.660110 0.000000 0.596565 -0.522068
0.422950 0.543106 -0.660110 0.000000 0.589589 -0.456027
0.415924 0.531573 -0.660110 0.000000 0.583985 -0.367033
0.411268 0.522721 -0.660110 0.000000 0.579481 -0.301980
0.404630 0.502333 -0.660110 0.000000 0.574222 -0.162827
0.402522 0.489005 -0.660110 0.000000 0.572725 -0.075711
0.401274 0.476615 -0.660110 0.000000 0.570372 0.004234
0.402477 0.468208 -0.660110 0.000000 0.573120 0.058546
0.403602 0.461798 -0.660110 0.000000 0.574926 0.100447
0.404816 0.455785 -0.660110 0.000000 0.576359 0.140138
0.407720 0.449268 -0.660110 0.000000 0.581781 0.185266
0.417138 0.434987 -0.660110 0.000000 0.599687 0.293297
0.439074 0.410484 -0.660110 0.000000 0.635198 0.514754
0.444923 0.404717 -0.660110 0.000000 0.642372 0.573894
0.471842 0.384427 -0.660110 0.000000 0.670493 0.827643
0.483009 0.378487 -0.660110 0.000000 0.680556 0.926910
0.507175 0.373318 -0.660110 0.000000 0.714243 1.122609
0.513508 0.373214 -0.660110 0.000000 0.725120 1.173609
0.519611 0.373679 -0.660110 0.000000 0.736952 1.223077
0.525467 0.374273 -0.660110 0.000000 0.748029 1.272305
0.534690 0.378246 -0.660110 0.000000 0.777728 1.347674
0.376160 0.487049 -0.618186 0.000000 0.504136 -0.053950
0.377333 0.466630 -0.618186 0.000000 0.506766 0.059125
0.383194 0.445680 -0.618186 0.000000 0.514723 0.179661
0.388634 0.433395 -0.618186 0.000000 0.521259 0.254718
0.431243 0.357141 -0.618186 0.000000 0.521539 0.761898
0.431532 0.356943 -0.618186 0.000000 0.521719 0.763870
0.445197 0.352048 -0.618186 0.000000 0.536962 0.841263
0.514316 0.352929 -0.618186 0.000000 0.650088 1.238981
0.520148 0.353222 -0.618186 0.000000 0.657720 1.280855
0.547310 0.356103 -0.618186 0.000000 0.688347 1.489688
0.563555 0.362210 -0.618186 0.000000 0.714699 1.626325
0.571067 0.366450 -0.618186 0.000000 0.730216 1.695638
0.575988 0.371308 -0.618186 0.000000 0.748682 1.746645
0.621683 0.527958 -0.618186 0.000000 0.883686 -2.475760
0.623073 0.537704 -0.618186 0.000000 0.841183 -2.399578
0.623440 0.543890 -0.618186 0.000000 0.816467 -2.353680
0.622135 0.549550 -0.618186 0.000000 0.799655 -2.303060
0.620390 0.554556 -0.618186 0.000000 0.786136 -2.256529
0.614399 0.565851 -0.618186 0.000000 0.758824 -2.144512
0.609646 0.572641 -0.618186 0.000000 0.743024 -2.073926
0.605180 0.577457 -0.618186 0.000000 0.732878 -2.017776
0.594195 0.585017 -0.618186 0.000000 0.720374 -1.901888
0.589162 0.588268 -0.618186 0.000000 0.713534 -1.851510
0.582504 0.592318 -0.618186 0.000000 0.703844 -1.787641
0.574405 0.596908 -0.618186 0.000000 0.691188 -1.713966
0.558596 0.602051 -0.618186 0.000000 0.675583 -1.582313
0.550032 0.604394 -0.618186 0.000000 0.665792 -1.514787
0.546690 0.605008 -0.618186 0.000000 0.662593 -1.489013
0.541170 0.605606 -0.618186 0.000000 0.658221 -1.446840
0.534885 0.605975 -0.618186 0.000000 0.653421 -1.399422
0.521953 0.606349 -0.618186 0.000000 0.641863 -1.304515
0.508010 0.606231 -0.618186 0.000000 0.627053 -1.206664
0.502135 0.605142 -0.618186 0.000000 0.622952 -1.164426
0.484252 0.600847 -0.618186 0.000000 0.608694 -1.037763
0.464591 0.594863 -0.618186 0.000000 0.589074 -0.903895
0.456714 0.592099 -0.618186 0.000000 0.580225 -0.852093
0.429693 0.579647 -0.618186 0.000000 0.548958 -0.676648
0.404235 0.564527 -0.618186 0.000000 0.516538 -0.518491
0.579026 0.603058 -0.575135 0.000000 0.664459 -1.742922
0.590087 0.596795 -0.575135 0.000000 0.678771 -1.839628
0.611905 0.579290 -0.575135 0.000000 0.712413 -2.063322
0.617265 0.573121 -0.575135 0.000000 0.723856 -2.130906
0.628289 0.556095 -0.575135 0.000000 0.755481 -2.304948
0.630017 0.552028 -0.575135 0.000000 0.763948 -2.343355
0.632073 0.546495 -0.575135 0.000000 0.775509 -2.395677
0.634403 0.539977 -0.575135 0.000000 0.787958 -2.459732
0.635600 0.535139 -0.575135 0.000000 0.798187 -2.506020
0.639876 0.516573 -0.575135 0.000000 0.829336 -2.698073
0.640208 0.496130 -0.575135 0.000000 0.865360 -2.918340
0.638703 0.482641 -0.575135 0.000000 0.885653 -3.075882
0.636967 0.477024 -0.575135 0.000000 0.897224 3.138444
0.594459 0.374590 -0.575135 0.000000 0.741225 1.919222
0.587599 0.364564 -0.575135 0.000000 0.708277 1.834573
0.578152 0.358345 -0.575135 0.000000 0.691600 1.745511
0.570517 0.353605 -0.575135 0.000000 0.677134 1.678388
0.548753 0.347102 -0.575135 0.000000 0.654047 1.506308
0.526844 0.341733 -0.575135 0.000000 0.624017 1.350757
0.521569 0.341096 -0.575135 0.000000 0.617716 1.315162
0.515988 0.340665 -0.575135 0.000000 0.611312 1.278073
0.446496 0.331067 -0.532478 0.000000 0.499272 0.922901
0.459693 0.328980 -0.532478 0.000000 0.513160 0.989343
0.470074 0.327733 -0.532478 0.000000 0.523983 1.043457
0.494919 0.325586 -0.532478 0.000000 0.547667 1.181427
0.516397 0.328176 -0.532478 0.000000 0.574231 1.303925
0.522652 0.329064 -0.532478 0.000000 0.581378 1.342046
0.533410 0.330719 -0.532478 0.000000 0.592751 1.410143
0.546074 0.333701 -0.532478 0.000000 0.606983 1.493739
0.557757 0.337276 -0.532478 0.000000 0.620249 1.575063
0.562952 0.339447 -0.532478 0.000000 0.627244 1.612801
0.568412 0.341928 -0.532478 0.000000 0.634678 1.653742
0.576704 0.348641 -0.532478 0.000000 0.655286 1.721581
0.585364 0.357852 -0.532478 0.000000 0.683785 1.802724
0.590519 0.363535 -0.532478 0.000000 0.700801 1.856092
0.596655 0.370716 -0.532478 0.000000 0.721626 1.925742
0.603137 0.380319 -0.532478 0.000000 0.750176 2.013603
0.614419 0.398968 -0.532478 0.000000 0.800584 2.202167
0.398838 0.353415 -0.487418 0.000000 0.461627 0.663875
0.409887 0.342843 -0.487418 0.000000 0.464847 0.739849
0.425216 0.330931 -0.487418 0.000000 0.469635 0.837102
0.433780 0.324710 -0.487418 0.000000 0.471344 0.890771
0.438633 0.323172 -0.487418 0.000000 0.475078 0.915160
0.481747 0.322658 -0.487418 0.000000 0.526558 1.117008
0.503510 0.322736 -0.487418 0.000000 0.548687 1.236658
0.535603 0.326260 -0.487418 0.000000 0.580260 1.429013
0.546190 0.330707 -0.487418 0.000000 0.597432 1.496097
0.577622 0.349977 -0.487418 0.000000 0.659685 1.730179
0.588711 0.360305 -0.487418 0.000000 0.690051 1.834268
0.600422 0.372298 -0.487418 0.000000 0.722068 1.961706
0.607439 0.383380 -0.487418 0.000000 0.753885 2.062429
0.613635 0.394765 -0.487418 0.000000 0.785464 2.171024
0.621477 0.411565 -0.487418 0.000000 0.827320 2.345491
0.634395 0.443119 -0.487418 0.000000 0.869498 2.725218
0.640898 0.467369 -0.487418 0.000000 0.870251 3.023847
0.642701 0.485601 -0.487418 0.000000 0.860834 -3.044566
0.642854 0.497732 -0.487418 0.000000 0.848563 -2.907256
0.641595 0.516925 -0.487418 0.000000 0.820143 -2.702563
0.639220 0.534959 -0.487418 0.000000 0.783866 -2.528891
0.638353 0.539549 -0.487418 0.000000 0.773904 -2.487308
0.637299 0.544271 -0.487418 0.000000 0.763612 -2.445281
0.633893 0.552035 -0.487418 0.000000 0.750981 -2.369218
0.631276 0.557300 -0.487418 0.000000 0.742019 -2.317884
0.627072 0.563912 -0.487418 0.000000 0.731847 -2.249770
0.624558 0.567585 -0.487418 0.000000 0.725817 -2.211925
0.623986 0.568406 -0.487418 0.000000 0.724406 -2.203523
0.603418 0.595070 -0.487418 0.000000 0.668728 -1.944996
0.593987 0.605711 -0.487418 0.000000 0.642500 -1.850041
0.590158 0.608832 -0.487418 0.000000 0.635313 -1.816554
0.586863 0.611025 -0.487418 0.000000 0.630501 -1.789331
0.516720 0.652304 -0.487418 0.000000 0.507949 -1.343740
0.510911 0.652260 -0.487418 0.000000 0.504764 -1.312404
0.497655 0.650711 -0.487418 0.000000 0.499285 -1.240292
0.481625 0.648096 -0.487418 0.000000 0.491566 -1.154462
0.473098 0.645085 -0.487418 0.000000 0.489542 -1.106402
0.470326 0.643581 -0.487418 0.000000 0.489713 -1.089600
0.504180 0.651167 -0.444818 0.000000 0.502923 -1.275061
0.427852 0.330790 -0.444818 0.000000 0.473037 0.847602
0.430633 0.326647 -0.444818 0.000000 0.470300 0.872142
0.431017 0.326108 -0.444818 0.000000 0.469958 0.875396
0.448301 0.314877 -0.444818 0.000000 0.472796 0.980272
0.453390 0.313219 -0.444818 0.000000 0.475693 1.006805
0.456786 0.312956 -0.444818 0.000000 0.479004 1.022438
0.531166 0.324706 -0.444818 0.000000 0.573652 1.402048
0.535177 0.326292 -0.444818 0.000000 0.580173 1.426214
0.555064 0.336228 -0.444818 0.000000 0.616677 1.555939
0.568640 0.344733 -0.444818 0.000000 0.644566 1.657199
0.577134 0.351128 -0.444818 0.000000 0.664271 1.727833
0.597812 0.372225 -0.444818 0.000000 0.726020 1.940034
0.603848 0.381693 -0.444818 0.000000 0.754515 2.025172
0.606735 0.386313 -0.444818 0.000000 0.767744 2.069803
0.610925 0.393313 -0.444818 0.000000 0.786896 2.140366
0.625697 0.423391 -0.444818 0.000000 0.853766 2.475324
0.634546 0.449264 -0.444818 0.000000 0.882186 2.794308
0.637602 0.461607 -0.444818 0.000000 0.884252 2.949235
0.640032 0.476651 -0.444818 0.000000 0.878771 3.134063
0.641066 0.501163 -0.444818 0.000000 0.853435 -2.864233
0.640714 0.507753 -0.444818 0.000000 0.843869 -2.791823
0.638106 0.525960 -0.444818 0.000000 0.813883 -2.600110
0.635922 0.537929 -0.444818 0.000000 0.788353 -2.485360
0.634898 0.543007 -0.444818 0.000000 0.776463 -2.439686
0.634002 0.546910 -0.444818 0.000000 0.767231 -2.405358
0.627983 0.559691 -0.444818 0.000000 0.743889 -2.280689
0.621082 0.570027 -0.444818 0.000000 0.726000 -2.174221
0.614248 0.579786 -0.444818 0.000000 0.705804 -2.078924
0.602094 0.596019 -0.444818 0.000000 0.667156 -1.932560
0.601241 0.597097 -0.444818 0.000000 0.664444 -1.923318
0.590856 0.607997 -0.444818 0.000000 0.637567 -1.823078
0.585871 0.612619 -0.444818 0.000000 0.625848 -1.779837
0.528191 0.651053 -0.444818 0.000000 0.516265 -1.405619
0.524783 0.651746 -0.444818 0.000000 0.513179 -1.387313
0.519893 0.652419 -0.444818 0.000000 0.509312 -1.361151
0.507952 0.652092 -0.444818 0.000000 0.503326 -1.296415
0.504180 0.651167 -0.444818 0.000000 0.502923 -1.275061
0.523119 0.651329 -0.400430 0.000000 0.513416 -1.377661
0.449794 0.314761 -0.400430 0.000000 0.474317 0.986968
0.459047 0.309750 -0.400430 0.000000 0.475647 1.040990
0.464650 0.308810 -0.400430 0.000000 0.479762 1.068620
0.466799 0.309028 -0.400430 0.000000 0.482369 1.077935
0.535595 0.326563 -0.400430 0.000000 0.581160 1.428680
0.552530 0.336739 -0.400430 0.000000 0.618187 1.537866
0.558359 0.340628 -0.400430 0.000000 0.631741 1.579574
0.564801 0.345380 -0.400430 0.000000 0.647908 1.628672
0.582387 0.360870 -0.400430 0.000000 0.698415 1.784217
0.587398 0.365621 -0.400430 0.000000 0.712841 1.835279
0.589856 0.368905 -0.400430 0.000000 0.723587 1.863824
0.594664 0.375270 -0.400430 0.000000 0.743821 1.923125
0.606868 0.392723 -0.400430 0.000000 0.795083 2.102282
0.614563 0.407512 -0.400430 0.000000 0.836083 2.259309
0.623222 0.425858 -0.400430 0.000000 0.873822 2.480222
0.639877 0.487544 -0.400430 0.000000 0.875942 -3.018078
0.640162 0.492137 -0.400430 0.000000 0.870247 -2.964416
0.640383 0.506111 -0.400430 0.000000 0.848704 -2.808048
0.639570 0.512432 -0.400430 0.000000 0.840216 -2.738361
0.638593 0.518720 -0.400430 0.000000 0.830445 -2.670811
0.635275 0.536385 -0.400430 0.000000 0.795704 -2.493820
0.634113 0.541227 -0.400430 0.000000 0.785106 -2.448207
0.626796 0.558013 -0.400430 0.000000 0.753368 -2.282509
0.626343 0.559017 -0.400430 0.000000 0.751180 -2.273176
0.613494 0.577225 -0.400430 0.000000 0.716895 -2.084039
0.611817 0.579496 -0.400430 0.000000 0.711814 -2.061815
0.600963 0.593495 -0.400430 0.000000 0.677871 -1.931230
0.597096 0.598482 -0.400430 0.000000 0.664658 -1.889084
0.593928 0.602272 -0.400430 0.000000 0.654608 -1.856886
0.588153 0.608452 -0.400430 0.000000 0.638297 -1.802812
0.583332 0.613106 -0.400430 0.000000 0.625938 -1.761147
0.544716 0.643180 -0.400430 0.000000 0.541203 -1.495934
0.540359 0.646248 -0.400430 0.000000 0.532221 -1.471698
0.535650 0.648300 -0.400430 0.000000 0.525687 -1.445686
0.525717 0.650972 -0.400430 0.000000 0.515430 -1.391718
0.523119 0.651329 -0.400430 0.000000 0.513416 -1.377661
0.540842 0.646494 -0.355575 0.000000 0.531713 -1.474666
0.462584 0.311036 -0.355575 0.000000 0.481762 1.053548
0.462495 0.310281 -0.355575 0.000000 0.480264 1.055092
0.464507 0.310532 -0.355575 0.000000 0.482845 1.063618
0.472515 0.312713 -0.355575 0.000000 0.495427 1.095726
0.530385 0.332564 -0.355575 0.000000 0.596835 1.387847
0.541795 0.337261 -0.355575 0.000000 0.617376 1.461502
0.559781 0.345934 -0.355575 0.000000 0.650647 1.590754
0.565992 0.349444 -0.355575 0.000000 0.662689 1.639785
0.575869 0.356022 -0.355575 0.000000 0.683868 1.723892
0.584216 0.364324 -0.355575 0.000000 0.710838 1.805907
0.589506 0.370550 -0.355575 0.000000 0.730994 1.865077
0.605268 0.393349 -0.355575 0.000000 0.801985 2.091298
0.624198 0.427790 -0.355575 0.000000 0.876112 2.505715
0.628544 0.442036 -0.355575 0.000000 0.898445 2.683046
0.630431 0.451558 -0.355575 0.000000 0.910523 2.804044
0.633135 0.480198 -0.355575 0.000000 0.920723 -3.103138
0.633452 0.496846 -0.355575 0.000000 0.903645 -2.890478
0.633802 0.514422 -0.355575 0.000000 0.865313 -2.690272
0.633268 0.519070 -0.355575 0.000000 0.855776 -2.639397
0.632672 0.522543 -0.355575 0.000000 0.848905 -2.601563
0.625757 0.546213 -0.355575 0.000000 0.799324 -2.353723
0.624488 0.550540 -0.355575 0.000000 0.787887 -2.313991
0.619122 0.562314 -0.355575 0.000000 0.759973 -2.200488
0.612274 0.572484 -0.355575 0.000000 0.737764 -2.095542
0.587012 0.603497 -0.355575 0.000000 0.656798 -1.803036
0.549625 0.642113 -0.355575 0.000000 0.544837 -1.525120
0.540842 0.646494 -0.355575 0.000000 0.531713 -1.474666
0.550635 0.637352 -0.312847 0.000000 0.558010 -1.530060
0.472955 0.313162 -0.312847 0.000000 0.496788 1.096734
0.473943 0.312529 -0.312847 0.000000 0.496527 1.103063
0.480615 0.314460 -0.312847 0.000000 0.507311 1.131328
0.558115 0.351853 -0.312847 0.000000 0.673085 1.578419
0.569902 0.360016 -0.312847 0.000000 0.703227 1.679040
0.570094 0.360166 -0.312847 0.000000 0.703763 1.680799
0.574932 0.364650 -0.312847 0.000000 0.719991 1.727307
0.580435 0.370437 -0.312847 0.000000 0.740794 1.785306
0.592756 0.386036 -0.312847 0.000000 0.795821 1.942782
0.600570 0.400164 -0.312847 0.000000 0.846385 2.083540
0.618691 0.430412 -0.312847 0.000000 0.912453 2.490702
0.630264 0.460434 -0.312847 0.000000 0.927171 2.915180
0.632312 0.475054 -0.312847 0.000000 0.926110 3.112055
0.632624 0.483557 -0.312847 0.000000 0.922666 -3.058541
0.632295 0.491294 -0.312847 0.000000 0.918190 -2.957128
0.631749 0.497901 -0.312847 0.000000 0.912182 -2.871799
0.630460 0.506258 -0.312847 0.000000 0.903276 -2.765061
0.628420 0.518396 -0.312847 0.000000 0.882340 -2.618223
0.627369 0.523830 -0.312847 0.000000 0.870718 -2.556074
0.625755 0.530276 -0.312847 0.000000 0.856596 -2.483747
0.624028 0.536136 -0.312847 0.000000 0.843060 -2.419797
0.622498 0.541399 -0.312847 0.000000 0.829493 -2.365580
0.619385 0.550038 -0.312847 0.000000 0.807150 -2.278286
0.611753 0.561543 -0.312847 0.000000 0.783367 -2.145658
0.586886 0.592144 -0.312847 0.000000 0.700294 -1.824025
0.584531 0.595100 -0.312847 0.000000 0.690812 -1.799056
0.552945 0.636564 -0.312847 0.000000 0.560444 -1.544348
0.552230 0.636903 -0.312847 0.000000 0.559430 -1.539924
0.550635 0.637352 -0.312847 0.000000 0.558010 -1.530060
0.553408 0.626034 -0.270262 0.000000 0.591695 -1.545586
0.482238 0.324073 -0.270262 0.000000 0.530339 1.115958
0.485462 0.316116 -0.270262 0.000000 0.515749 1.152204
0.575721 0.359605 -0.270262 0.000000 0.698342 1.727249
0.591539 0.380671 -0.270262 0.000000 0.772864 1.912704
0.597148 0.396482 -0.270262 0.000000 0.837170 2.030396
0.611325 0.431499 -0.270262 0.000000 0.953940 2.439943
0.619317 0.449045 -0.270262 0.000000 0.971786 2.715277
0.625185 0.464382 -0.270262 0.000000 0.965210 2.954279
0.628648 0.481045 -0.270262 0.000000 0.949493 -3.088909
0.629356 0.498770 -0.270262 0.000000 0.925194 -2.852218
0.627533 0.519925 -0.270262 0.000000 0.882250 -2.596737
0.624790 0.527706 -0.270262 0.000000 0.870009 -2.500858
0.622532 0.533852 -0.270262 0.000000 0.857915 -2.428194
0.619834 0.540170 -0.270262 0.000000 0.844696 -2.354438
0.617762 0.544808 -0.270262 0.000000 0.833916 -2.302160
0.579766 0.610063 -0.270262 0.000000 0.638619 -1.739426
0.559267 0.626983 -0.270262 0.000000 0.588857 -1.584871
0.557478 0.627340 -0.270262 0.000000 0.587800 -1.572922
0.553408 0.626034 -0.270262 0.000000 0.591695 -1.545586
