x y z nx ny nz
0.281703 -0.449312 -0.072704 -0.802688 -0.238482 0.546642
0.280075 -0.444872 -0.072704 -0.780098 -0.296273 0.551062
0.277937 -0.440324 -0.072704 -0.753872 -0.349627 0.556272
0.274988 -0.435366 -0.072704 -0.684075 -0.464702 0.562221
0.271594 -0.430133 -0.072704 -0.629227 -0.535794 0.563026
0.267886 -0.425551 -0.072704 -0.550740 -0.622718 0.555794
0.264305 -0.422100 -0.072704 -0.482917 -0.679153 0.552758
0.259747 -0.419487 -0.072704 -0.423188 -0.724396 0.544208
0.254269 -0.417018 -0.072704 -0.353960 -0.766821 0.535442
0.248081 -0.414755 -0.072704 -0.232617 -0.827294 0.511345
0.242211 -0.413021 -0.072704 -0.191730 -0.841834 0.504535
0.236774 -0.412067 -0.072704 -0.154751 -0.850912 0.501997
0.231269 -0.411388 -0.072704 -0.126396 -0.857312 0.499040
0.225369 -0.410742 -0.072704 -0.102613 -0.860630 0.498785
0.218913 -0.410387 -0.072704 -0.090880 -0.863564 0.495982
0.211405 -0.410135 -0.072704 -0.064806 -0.866419 0.495095
0.202165 -0.409959 -0.072704 -0.039331 -0.864876 0.500442
0.191882 -0.409251 -0.072704 -0.021732 -0.865425 0.500567
0.182469 -0.408584 -0.072704 -0.023028 -0.866392 0.498834
0.175830 -0.407948 -0.072704 -0.033036 -0.866848 0.497477
0.171388 -0.407758 -0.072704 -0.041427 -0.867265 0.496120
0.167980 -0.407568 -0.072704 -0.047705 -0.867322 0.495455
0.164429 -0.407323 -0.072704 -0.048525 -0.866490 0.496830
0.160284 -0.406943 -0.072704 -0.050097 -0.865245 0.498841
0.155684 -0.406650 -0.072704 -0.046692 -0.862261 0.504308
0.150900 -0.406426 -0.072704 -0.035483 -0.859770 0.509447
0.146157 -0.406486 -0.072704 -0.020820 -0.857543 0.513991
0.141378 -0.406498 -0.072704 -0.006427 -0.854808 0.518905
0.136411 -0.406741 -0.072704 0.008294 -0.851985 0.523500
0.131971 -0.406674 -0.072704 0.009672 -0.850416 0.526023
0.127781 -0.406604 -0.072704 0.008807 -0.850689 0.525595
0.123574 -0.406261 -0.072704 0.003396 -0.849965 0.526829
0.118288 -0.406170 -0.072704 -0.014605 -0.852819 0.522003
0.112471 -0.406032 -0.072704 -0.027751 -0.856140 0.515999
0.106657 -0.405838 -0.072704 -0.043011 -0.862651 0.503968
0.101114 -0.405549 -0.072704 -0.047757 -0.867763 0.494678
0.095319 -0.405418 -0.072704 -0.043735 -0.872611 0.486453
0.088958 -0.405491 -0.072704 -0.021726 -0.875042 0.483560
0.082568 -0.405510 -0.072704 0.007016 -0.874252 0.485423
0.076672 -0.405276 -0.072704 0.024789 -0.872337 0.488276
0.071318 -0.404875 -0.072704 0.042094 -0.867686 0.495327
0.066867 -0.404709 -0.072704 0.049982 -0.865678 0.498100
0.062703 -0.405008 -0.072704 0.056023 -0.861015 0.505485
0.058627 -0.405830 -0.072704 0.058315 -0.859973 0.506997
0.053373 -0.406638 -0.072704 0.060043 -0.858773 0.508825
0.047631 -0.407340 -0.072704 0.057948 -0.858802 0.509020
0.041782 -0.407668 -0.072704 0.052280 -0.860043 0.507535
0.036306 -0.407798 -0.072704 0.041694 -0.861866 0.505419
0.030459 -0.407928 -0.072704 0.026858 -0.866857 0.497833
0.023699 -0.408087 -0.072704 0.009398 -0.867651 0.497085
0.016099 -0.408251 -0.072704 -0.000239 -0.870446 0.492264
0.007696 -0.408096 -0.072704 -0.010086 -0.873675 0.486406
-0.000957 -0.407817 -0.072704 -0.018886 -0.874504 0.484650
-0.009571 -0.407467 -0.072704 -0.020602 -0.807411 0.589630
-0.017603 -0.407297 -0.072704 -0.028451 -0.798484 0.601344
-0.024446 -0.406920 -0.072704 -0.029468 -0.857216 0.514114
-0.030458 -0.406558 -0.072704 -0.026079 -0.855044 0.517899
-0.036216 -0.406161 -0.072704 -0.014051 -0.854268 0.519642
-0.043027 -0.406423 -0.072704 -0.000763 -0.837004 0.547196
-0.050097 -0.406638 -0.072704 0.024433 -0.838270 0.544707
-0.056039 -0.406973 -0.072704 0.033240 -0.857161 0.513974
-0.060393 -0.406967 -0.072704 0.029690 -0.858804 0.511444
-0.063714 -0.407150 -0.072704 0.026696 -0.859315 0.510750
-0.067316 -0.406946 -0.072704 0.014079 -0.859559 0.510842
-0.070556 -0.406726 -0.072704 -0.001871 -0.860473 0.509492
-0.074423 -0.406588 -0.072704 -0.014278 -0.860853 0.508653
-0.078324 -0.406811 -0.072704 -0.020945 -0.860576 0.508890
-0.083953 -0.406785 -0.072704 -0.032281 -0.858373 0.512010
-0.090278 -0.406435 -0.072704 -0.033254 -0.858069 0.512457
-0.097753 -0.406132 -0.072704 -0.016016 -0.858138 0.513170
-0.104331 -0.405863 -0.072704 0.005312 -0.856205 0.516609
-0.109993 -0.405995 -0.072704 0.018967 -0.853295 0.521084
-0.114400 -0.406068 -0.072704 0.025890 -0.851270 0.524088
-0.118322 -0.406402 -0.072704 0.029593 -0.850394 0.525314
-0.122435 -0.406544 -0.072704 0.028999 -0.850181 0.525691
-0.128014 -0.406568 -0.072704 0.018979 -0.849065 0.527948
-0.136331 -0.406683 -0.072704 0.001988 -0.847946 0.530080
-0.146905 -0.406604 -0.072704 -0.018756 -0.845362 0.533864
-0.157757 -0.406465 -0.072704 -0.017205 -0.848135 0.529500
-0.167534 -0.405997 -0.072704 -0.009284 -0.854081 0.520058
-0.175637 -0.405774 -0.072704 -0.002710 -0.855786 0.517322
-0.182616 -0.405663 -0.072704 0.003041 -0.854961 0.518683
-0.188450 -0.405910 -0.072704 0.003852 -0.851937 0.523630
-0.193967 -0.405942 -0.072704 0.001195 -0.849868 0.526994
-0.199772 -0.405944 -0.072704 -0.005619 -0.846349 0.532600
-0.206117 -0.405892 -0.072704 -0.008676 -0.842894 0.538010
-0.211952 -0.405789 -0.072704 -0.006779 -0.839388 0.543490
-0.217243 -0.405696 -0.072704 -0.003250 -0.837152 0.546961
-0.222914 -0.405407 -0.072704 0.001984 -0.835354 0.549709
-0.230486 -0.405628 -0.072704 0.008487 -0.835134 0.549980
-0.239123 -0.406115 -0.072704 0.009113 -0.837065 0.547028
-0.247069 -0.406814 -0.072704 -0.002474 -0.841744 0.539872
-0.253400 -0.407142 -0.072704 -0.016861 -0.844478 0.535324
-0.258947 -0.407009 -0.072704 -0.028830 -0.844399 0.534939
-0.264767 -0.406416 -0.072704 -0.052270 -0.844789 0.532540
-0.271098 -0.405682 -0.072704 -0.072728 -0.842081 0.534425
-0.276839 -0.404807 -0.072704 -0.097177 -0.836468 0.539331
-0.282121 -0.404119 -0.072704 -0.092288 -0.834772 0.542806
-0.286872 -0.403408 -0.072704 -0.072103 -0.833376 0.547984
-0.292529 -0.403194 -0.072704 -0.030787 -0.834300 0.550451
-0.298258 -0.402983 -0.072704 0.025057 -0.832206 0.553901
-0.303958 -0.403106 -0.072704 0.069610 -0.826875 0.558061
-0.309086 -0.403088 -0.072704 0.120261 -0.814520 0.567533
-0.314015 -0.403658 -0.072704 0.182312 -0.790996 0.584027
-0.318881 -0.404553 -0.072704 0.250326 -0.761903 0.597362
-0.323754 -0.406509 -0.072704 0.314701 -0.720085 0.618418
-0.328662 -0.408595 -0.072704 0.357977 -0.687876 0.631410
-0.333053 -0.411144 -0.072704 0.393708 -0.656015 0.643925
-0.336687 -0.413001 -0.072704 0.432893 -0.613194 0.660755
-0.339235 -0.415403 -0.072704 0.479002 -0.568445 0.668900
-0.341761 -0.417917 -0.072704 0.488903 -0.555203 0.672847
-0.344415 -0.421706 -0.072704 0.532177 -0.513287 0.673294
-0.348083 -0.426111 -0.072704 0.552978 -0.487710 0.675540
-0.352666 -0.431756 -0.072704 0.594650 -0.441784 0.671728
-0.357376 -0.438343 -0.072704 0.655486 -0.357061 0.665467
-0.361416 -0.445778 -0.072704 0.691464 -0.290765 0.661312
-0.363554 -0.453188 -0.072704 0.750095 -0.149733 0.644156
-0.364954 -0.459883 -0.072704 0.765920 -0.094955 0.635885
-0.365570 -0.465662 -0.072704 0.774697 -0.057578 0.629705
-0.366124 -0.471045 -0.072704 0.781656 -0.026319 0.623154
-0.365978 -0.477264 -0.072704 0.785069 -0.020925 0.619055
-0.365828 -0.484566 -0.072704 0.781939 -0.046537 0.621616
-0.366167 -0.491995 -0.072704 0.772657 -0.088006 0.628694
-0.366930 -0.497967 -0.072704 0.756902 -0.111169 0.644003
-0.368053 -0.502393 -0.072704 0.754919 -0.119057 0.644921
-0.368688 -0.506811 -0.072704 0.748992 -0.117963 0.651993
-0.369722 -0.511468 -0.072704 0.739327 -0.087383 0.667653
-0.370655 -0.516336 -0.072704 0.736778 -0.044830 0.674647
-0.371605 -0.520035 -0.072704 0.740292 0.009016 0.672225
-0.371613 -0.523571 -0.072704 0.737804 0.044388 0.673554
-0.370614 -0.527076 -0.072704 0.738594 0.068343 0.670677
-0.369463 -0.531479 -0.072704 0.732306 0.155166 0.663062
-0.368163 -0.535707 -0.072704 0.720756 0.211468 0.660146
-0.367161 -0.540428 -0.072704 0.723922 0.219438 0.654052
-0.365741 -0.546100 -0.072704 0.738131 0.179967 0.650211
-0.364311 -0.553326 -0.072704 0.760957 0.118913 0.637813
-0.363127 -0.560593 -0.072704 0.775002 0.042160 0.630551
-0.362500 -0.567298 -0.072704 0.780845 -0.018591 0.624448
-0.362743 -0.574089 -0.072704 0.780440 -0.037166 0.624125
-0.363240 -0.581666 -0.072704 0.784892 -0.026008 0.619086
-0.363564 -0.589079 -0.072704 0.786767 0.001079 0.617250
-0.363326 -0.595373 -0.072704 0.785452 0.025466 0.618399
-0.362631 -0.600787 -0.072704 0.789074 0.044497 0.612684
-0.362255 -0.605941 -0.072704 0.788942 0.063007 0.611229
-0.361891 -0.610919 -0.072704 0.794930 0.080075 0.601394
-0.361739 -0.615540 -0.072704 0.796789 0.089275 0.597626
-0.361000 -0.620197 -0.072704 0.797673 0.096583 0.595307
-0.360282 -0.625230 -0.072704 0.796593 0.107272 0.594922
-0.359347 -0.630447 -0.072704 0.799200 0.125180 0.587885
-0.358492 -0.635636 -0.072704 0.796915 0.135743 0.588642
-0.357218 -0.641167 -0.072704 0.782434 0.198339 0.590305
-0.355236 -0.647757 -0.072704 0.754353 0.268426 0.599081
-0.351298 -0.655617 -0.072704 0.692381 0.384476 0.610563
-0.345144 -0.663386 -0.072704 0.587750 0.526354 0.614412
-0.337900 -0.669785 -0.072704 0.408407 0.711270 0.572100
-0.331120 -0.673881 -0.072704 0.303214 0.789533 0.533572
-0.325297 -0.676326 -0.072704 0.221409 0.833084 0.506902
-0.319011 -0.677677 -0.072704 0.200703 0.860460 0.468323
-0.312311 -0.678692 -0.072704 0.141084 0.899080 0.414428
-0.305426 -0.679466 -0.072704 0.120386 0.918475 0.376710
-0.298738 -0.680170 -0.072704 0.110483 0.924015 0.366047
-0.291847 -0.680779 -0.072704 0.070160 0.928776 0.363939
-0.284393 -0.681310 -0.072704 0.046270 0.934142 0.353891
-0.277091 -0.681778 -0.072704 0.032802 0.933059 0.358225
-0.270315 -0.682080 -0.072704 0.030920 0.931053 0.363571
-0.264304 -0.682380 -0.072704 0.033165 0.929576 0.367136
-0.258770 -0.682664 -0.072704 0.035982 0.927978 0.370895
-0.253194 -0.682963 -0.072704 0.036253 0.927699 0.371564
-0.247275 -0.683139 -0.072704 0.034843 0.927260 0.372793
-0.241006 -0.683384 -0.072704 0.019822 0.930902 0.364731
-0.234832 -0.683664 -0.072704 0.006047 0.924891 0.380184
-0.229108 -0.683965 -0.072704 0.000977 0.929926 0.367746
-0.223831 -0.684078 -0.072704 0.000846 0.925742 0.378154
-0.218471 -0.684040 -0.072704 -0.002776 0.923642 0.383246
-0.212624 -0.683923 -0.072704 -0.003037 0.927266 0.374390
-0.206210 -0.683632 -0.072704 0.000957 0.920255 0.391319
-0.200372 -0.683636 -0.072704 0.002310 0.917850 0.396922
-0.195621 -0.683637 -0.072704 -0.003047 0.916357 0.400350
-0.191977 -0.683785 -0.072704 -0.006699 0.914204 0.405198
-0.188633 -0.683685 -0.072704 -0.014333 0.911451 0.411159
-0.185111 -0.683619 -0.072704 -0.023038 0.912679 0.408027
-0.181892 -0.683826 -0.072704 -0.033156 0.910371 0.412462
-0.178306 -0.683760 -0.072704 -0.041449 0.909982 0.412571
-0.174535 -0.683639 -0.072704 -0.055299 0.909035 0.413033
-0.169093 -0.682984 -0.072704 -0.068204 0.905152 0.419580
-0.162668 -0.682369 -0.072704 -0.076841 0.914887 0.396330
-0.155234 -0.681552 -0.072704 -0.074851 0.922257 0.379262
-0.148052 -0.680751 -0.072704 -0.055630 0.931392 0.359742
-0.141120 -0.680312 -0.072704 -0.030611 0.940099 0.339526
-0.134199 -0.680206 -0.072704 0.004217 0.950435 0.310896
-0.126913 -0.680594 -0.072704 0.028106 0.949192 0.313438
-0.118545 -0.681062 -0.072704 0.081927 0.952257 0.294098
-0.109867 -0.681937 -0.072704 0.097733 0.947004 0.305992
-0.101369 -0.682792 -0.072704 0.101461 0.942172 0.319401
-0.094405 -0.683766 -0.072704 0.087083 0.934559 0.344988
-0.088549 -0.684397 -0.072704 0.064396 0.924593 0.375473
-0.083733 -0.684936 -0.072704 0.059061 0.925461 0.374211
-0.078423 -0.685031 -0.072704 0.036490 0.925658 0.376598
-0.072590 -0.685066 -0.072704 0.025340 0.924614 0.380062
-0.065630 -0.684995 -0.072704 0.012893 0.919216 0.393543
-0.059247 -0.685002 -0.072704 -0.002434 0.912949 0.408067
-0.053719 -0.684928 -0.072704 -0.012016 0.911148 0.411903
-0.049057 -0.685094 -0.072704 -0.012348 0.908345 0.418038
-0.044429 -0.685352 -0.072704 -0.016522 0.903158 0.428989
-0.039172 -0.685571 -0.072704 -0.022060 0.897132 0.441210
-0.033872 -0.685297 -0.072704 -0.023632 0.893770 0.447903
-0.027740 -0.684926 -0.072704 -0.028523 0.895345 0.444459
-0.020788 -0.684291 -0.072704 -0.028038 0.900030 0.434925
-0.012246 -0.683733 -0.072704 -0.034396 0.909196 0.414946
-0.004091 -0.683261 -0.072704 -0.059659 0.935025 0.349526
0.002843 -0.682974 -0.072704 -0.061968 0.939387 0.337213
0.007684 -0.682789 -0.072704 -0.069215 0.945180 0.319130
0.012301 -0.682298 -0.072704 -0.064872 0.948762 0.309261
0.017578 -0.681803 -0.072704 -0.048093 0.950520 0.306917
0.023879 -0.681279 -0.072704 -0.039171 0.948183 0.315302
0.030310 -0.680960 -0.072704 -0.028784 0.945053 0.325648
0.036977 -0.680730 -0.072704 -0.022766 0.937774 0.346500
0.044199 -0.680656 -0.072704 -0.029247 0.938310 0.344555
0.052196 -0.680715 -0.072704 -0.037531 0.936201 0.349456
0.059175 -0.680717 -0.072704 -0.037065 0.937310 0.346520
0.065054 -0.680475 -0.072704 -0.028885 0.939235 0.342058
0.070708 -0.680041 -0.072704 -0.021596 0.941717 0.335713
0.078201 -0.679812 -0.072704 -0.000249 0.948246 0.317536
0.086828 -0.679880 -0.072704 0.019970 0.955160 0.295417
0.094824 -0.680140 -0.072704 0.018739 0.959103 0.282436
0.101153 -0.680254 -0.072704 0.002977 0.962145 0.272522
0.106611 -0.680202 -0.072704 -0.010915 0.962397 0.271429
0.112368 -0.680114 -0.072704 -0.031561 0.964448 0.262381
0.118181 -0.680001 -0.072704 -0.047061 0.964693 0.259140
0.123493 -0.680019 -0.072704 -0.047487 0.965860 0.254676
0.127735 -0.679852 -0.072704 -0.046426 0.966255 0.253367
0.132007 -0.679829 -0.072704 -0.039323 0.967279 0.250648
0.136504 -0.679569 -0.072704 -0.027425 0.967630 0.250879
0.141781 -0.679426 -0.072704 -0.023391 0.967731 0.250899
0.146969 -0.679198 -0.072704 -0.020459 0.965140 0.260934
0.152199 -0.679116 -0.072704 -0.021178 0.963712 0.266104
0.156964 -0.679159 -0.072704 -0.026744 0.961594 0.273171
0.161749 -0.679155 -0.072704 -0.038394 0.959177 0.280189
0.165934 -0.679073 -0.072704 -0.046680 0.957569 0.284399
0.169808 -0.678714 -0.072704 -0.053711 0.956181 0.287808
0.173158 -0.678241 -0.072704 -0.059214 0.955332 0.289541
0.177387 -0.677738 -0.072704 -0.062617 0.954528 0.291473
0.182728 -0.677252 -0.072704 -0.066301 0.953476 0.294089
0.189172 -0.676724 -0.072704 -0.064358 0.952709 0.296989
0.196153 -0.676118 -0.072704 -0.062841 0.952474 0.298067
0.203355 -0.675484 -0.072704 -0.072333 0.950981 0.300670
0.210995 -0.674789 -0.072704 -0.105848 0.948315 0.299158
0.218197 -0.674201 -0.072704 -0.127909 0.943980 0.304205
0.224873 -0.673557 -0.072704 -0.147054 0.936751 0.317605
0.231394 -0.672610 -0.072704 -0.169266 0.927732 0.332658
0.238536 -0.670872 -0.072704 -0.220648 0.902942 0.368796
0.246293 -0.668477 -0.072704 -0.299469 0.863618 0.405565
0.253582 -0.665331 -0.072704 -0.421168 0.794785 0.436961
0.260017 -0.661661 -0.072704 -0.488552 0.751042 0.444132
0.265596 -0.656875 -0.072704 -0.572796 0.677707 0.461105
0.270643 -0.651700 -0.072704 -0.696117 0.541330 0.471576
0.274706 -0.646115 -0.072704 -0.766873 0.412868 0.491371
0.277973 -0.641015 -0.072704 -0.780284 0.379364 0.497233
0.280211 -0.635958 -0.072704 -0.813352 0.290082 0.504292
0.282350 -0.630678 -0.072704 -0.828576 0.229255 0.510788
0.283735 -0.624868 -0.072704 -0.842726 0.177414 0.508268
0.284850 -0.619095 -0.072704 -0.853740 0.120274 0.506619
0.285208 -0.613955 -0.072704 -0.856737 0.094684 0.506988
0.285495 -0.609610 -0.072704 -0.856754 0.083108 0.508986
0.285391 -0.605249 -0.072704 -0.860248 0.061789 0.506118
0.285176 -0.599732 -0.072704 -0.857187 0.038656 0.513553
0.284897 -0.592728 -0.072704 -0.859426 0.011098 0.511140
0.284760 -0.584602 -0.072704 -0.863602 0.001050 0.504174
0.284722 -0.576632 -0.072704 -0.867512 -0.001761 0.497413
0.284659 -0.569126 -0.072704 -0.869648 -0.006319 0.493632
0.284626 -0.561889 -0.072704 -0.868308 -0.007364 0.495971
0.284645 -0.554822 -0.072704 -0.865201 0.002668 0.501418
0.284737 -0.547943 -0.072704 -0.856679 0.015829 0.515608
0.285144 -0.541611 -0.072704 -0.857163 0.029803 0.514182
0.285560 -0.535869 -0.072704 -0.858281 0.039867 0.511629
0.285918 -0.530305 -0.072704 -0.862411 0.035609 0.504955
0.285932 -0.524492 -0.072704 -0.865520 0.016682 0.500597
0.285875 -0.518290 -0.072704 -0.864311 -0.013059 0.502788
0.285831 -0.512058 -0.072704 -0.866379 -0.034962 0.498162
0.285480 -0.506382 -0.072704 -0.867782 -0.042680 0.495110
0.285074 -0.500922 -0.072704 -0.867745 -0.040294 0.495373
0.284829 -0.496367 -0.072704 -0.866734 -0.028591 0.497951
0.284926 -0.492072 -0.072704 -0.866430 -0.023047 0.498767
0.285117 -0.487918 -0.072704 -0.862955 -0.007041 0.505232
0.284815 -0.482079 -0.072704 -0.857630 -0.002047 0.514263
0.284412 -0.475145 -0.072704 -0.852981 -0.009129 0.521862
0.283832 -0.467515 -0.072704 -0.842673 -0.054929 0.535617
0.283449 -0.460584 -0.072704 -0.831886 -0.107562 0.544423
0.282772 -0.454477 -0.072704 -0.821665 -0.168998 0.544340
0.277933 -0.456225 -0.080215 -0.823771 -0.154084 0.545581
0.273093 -0.457973 -0.087727 -0.801395 -0.180068 0.570387
0.265496 -0.452087 -0.095238 -0.737019 -0.294677 0.608250
0.260615 -0.444489 -0.095238 -0.639822 -0.452606 0.621109
0.254584 -0.437319 -0.095238 -0.512719 -0.602099 0.612043
0.247576 -0.431758 -0.095238 -0.381648 -0.704419 0.598447
0.240497 -0.428484 -0.095238 -0.243076 -0.778126 0.579167
0.233886 -0.426228 -0.095238 -0.184417 -0.798381 0.573218
0.228428 -0.425033 -0.095238 -0.129192 -0.810832 0.570842
0.223863 -0.423911 -0.095238 -0.092935 -0.819349 0.565713
0.218798 -0.423656 -0.095238 -0.085168 -0.821972 0.563123
0.212540 -0.423192 -0.095238 -0.076281 -0.826984 0.557027
0.205420 -0.422760 -0.095238 -0.070772 -0.833863 0.547415
0.197990 -0.421970 -0.095238 -0.065767 -0.841147 0.536792
0.190362 -0.421209 -0.095238 -0.048335 -0.855713 0.515188
0.181760 -0.420518 -0.095238 -0.041940 -0.862599 0.504146
0.172369 -0.419966 -0.095238 -0.041446 -0.863965 0.501843
0.162893 -0.419610 -0.095238 -0.028852 -0.858956 0.511236
0.154550 -0.419407 -0.095238 -0.013357 -0.858489 0.512658
0.147538 -0.419402 -0.095238 0.000129 -0.856957 0.515387
0.141092 -0.419480 -0.095238 0.007086 -0.857636 0.514208
0.134343 -0.419592 -0.095238 0.010441 -0.854525 0.519306
0.126872 -0.419601 -0.095238 -0.006108 -0.857352 0.514695
0.119407 -0.419493 -0.095238 -0.026520 -0.858071 0.512845
0.112491 -0.419281 -0.095238 -0.042671 -0.854260 0.518092
0.106607 -0.419163 -0.095238 -0.050168 -0.851180 0.522470
0.101077 -0.419137 -0.095238 -0.045299 -0.847891 0.528232
0.094776 -0.419145 -0.095238 -0.029215 -0.847325 0.530271
0.087371 -0.419080 -0.095238 -0.003323 -0.845924 0.533294
0.079270 -0.419070 -0.095238 0.031063 -0.843917 0.535574
0.069960 -0.419279 -0.095238 0.046724 -0.845761 0.531513
0.059508 -0.419525 -0.095238 0.048405 -0.851400 0.522278
0.047812 -0.419888 -0.095238 0.034420 -0.856807 0.514486
0.038156 -0.420131 -0.095238 0.019500 -0.860591 0.508923
0.030250 -0.420410 -0.095238 0.008019 -0.863441 0.504386
0.023947 -0.420426 -0.095238 -0.000927 -0.864892 0.501958
0.017597 -0.420281 -0.095238 -0.013019 -0.865136 0.501368
0.011193 -0.420012 -0.095238 -0.017455 -0.864271 0.502723
0.003692 -0.419901 -0.095238 -0.013321 -0.862671 0.505590
-0.005205 -0.419951 -0.095238 -0.007007 -0.861932 0.506976
-0.014679 -0.420172 -0.095238 0.001923 -0.854158 0.520011
-0.022513 -0.420286 -0.095238 -0.000973 -0.849844 0.527034
-0.028928 -0.420322 -0.095238 -0.003976 -0.847100 0.531418
-0.034771 -0.420219 -0.095238 -0.005278 -0.847358 0.530996
-0.041141 -0.420177 -0.095238 -0.000334 -0.847099 0.531434
-0.047533 -0.420131 -0.095238 0.007035 -0.845810 0.533439
-0.053368 -0.420085 -0.095238 0.010477 -0.847349 0.530933
-0.058667 -0.419970 -0.095238 0.011784 -0.849994 0.526661
-0.063940 -0.419851 -0.095238 0.006520 -0.853372 0.521261
-0.069718 -0.419751 -0.095238 0.000032 -0.854169 0.519996
-0.076039 -0.419689 -0.095238 -0.011206 -0.853911 0.520298
-0.082402 -0.419650 -0.095238 -0.022783 -0.852322 0.522521
-0.088287 -0.419646 -0.095238 -0.022321 -0.849206 0.527589
-0.093889 -0.419628 -0.095238 -0.010291 -0.846119 0.532894
-0.100829 -0.419679 -0.095238 0.004019 -0.844254 0.535927
-0.109382 -0.419994 -0.095238 0.019852 -0.844495 0.535196
-0.119083 -0.420391 -0.095238 0.014866 -0.847920 0.529916
-0.128292 -0.420643 -0.095238 -0.003217 -0.853236 0.521515
-0.137486 -0.420281 -0.095238 -0.029693 -0.860665 0.508306
-0.146943 -0.419550 -0.095238 -0.039764 -0.866683 0.497271
-0.155818 -0.418768 -0.095238 -0.035449 -0.870091 0.491614
-0.164208 -0.418402 -0.095238 -0.009363 -0.866832 0.498512
-0.173121 -0.418687 -0.095238 0.010293 -0.865009 0.501651
-0.183938 -0.419328 -0.095238 0.035928 -0.856853 0.514308
-0.195286 -0.419979 -0.095238 0.032848 -0.849222 0.527013
-0.204974 -0.420284 -0.095238 0.015046 -0.845020 0.534522
-0.212475 -0.420349 -0.095238 0.003097 -0.842789 0.538235
-0.218293 -0.420322 -0.095238 0.000946 -0.842693 0.538394
-0.223593 -0.420280 -0.095238 -0.001880 -0.843346 0.537368
-0.228881 -0.420243 -0.095238 -0.004201 -0.843639 0.536894
-0.234745 -0.420157 -0.095238 -0.008040 -0.844593 0.535348
-0.241691 -0.420083 -0.095238 -0.011214 -0.846162 0.532808
-0.249196 -0.420008 -0.095238 -0.015793 -0.848701 0.528637
-0.256957 -0.419974 -0.095238 -0.023397 -0.848409 0.528823
-0.264165 -0.419876 -0.095238 -0.026544 -0.843915 0.535820
-0.271089 -0.419737 -0.095238 -0.030953 -0.837449 0.545639
-0.277453 -0.419587 -0.095238 -0.020837 -0.822676 0.568129
-0.283847 -0.419208 -0.095238 -0.016855 -0.806453 0.591058
-0.290533 -0.418937 -0.095238 0.017638 -0.787521 0.616036
-0.297995 -0.418872 -0.095238 0.097011 -0.758284 0.644666
-0.304889 -0.420080 -0.095238 0.208631 -0.716797 0.665339
-0.310556 -0.421503 -0.095238 0.236020 -0.705277 0.668489
-0.314722 -0.423793 -0.095238 0.279327 -0.687934 0.669869
-0.318610 -0.425336 -0.095238 0.346315 -0.653864 0.672701
-0.322608 -0.428126 -0.095238 0.407780 -0.624007 0.666582
-0.326611 -0.431061 -0.095238 0.503081 -0.566014 0.653099
-0.330673 -0.435783 -0.095238 0.529219 -0.545715 0.649710
-0.334995 -0.441147 -0.095238 0.592959 -0.486235 0.641853
-0.339300 -0.447463 -0.095238 0.665738 -0.366536 0.649958
-0.342925 -0.453986 -0.095238 0.702132 -0.279701 0.654811
-0.345200 -0.460592 -0.095238 0.729130 -0.197425 0.655281
-0.346506 -0.467565 -0.095238 0.742130 -0.118176 0.659755
-0.347148 -0.475132 -0.095238 0.755138 -0.075742 0.651175
-0.347536 -0.482657 -0.095238 0.759902 -0.042498 0.648647
-0.347753 -0.489594 -0.095238 0.767687 -0.028717 0.640181
-0.347904 -0.495371 -0.095238 0.769682 -0.027364 0.637841
-0.348049 -0.500626 -0.095238 0.769064 -0.026967 0.638603
-0.348162 -0.505922 -0.095238 0.767888 -0.028950 0.639930
-0.348190 -0.511796 -0.095238 0.766111 -0.027385 0.642124
-0.348137 -0.518198 -0.095238 0.767660 -0.009334 0.640789
-0.348057 -0.524568 -0.095238 0.773841 0.033704 0.632482
-0.347980 -0.530353 -0.095238 0.775920 0.059950 0.627977
-0.347917 -0.535782 -0.095238 0.781086 0.082728 0.618919
-0.347657 -0.541344 -0.095238 0.783679 0.100540 0.612975
-0.347179 -0.547515 -0.095238 0.792267 0.102529 0.601498
-0.346815 -0.553316 -0.095238 0.796088 0.081198 0.599709
-0.346557 -0.558861 -0.095238 0.791153 0.049448 0.609616
-0.346637 -0.563806 -0.095238 0.786935 0.025032 0.616529
-0.346395 -0.569780 -0.095238 0.785101 0.000498 0.619367
-0.346371 -0.576151 -0.095238 0.775054 -0.017992 0.631638
-0.346228 -0.583675 -0.095238 0.776366 -0.026626 0.629719
-0.346306 -0.591219 -0.095238 0.778263 -0.012715 0.627810
-0.346230 -0.598962 -0.095238 0.781490 0.023895 0.623461
-0.346048 -0.605871 -0.095238 0.782168 0.048740 0.621158
-0.345731 -0.612453 -0.095238 0.788586 0.081179 0.609543
-0.344840 -0.619262 -0.095238 0.779142 0.093607 0.619819
-0.343742 -0.626782 -0.095238 0.853245 0.052989 0.518811
-0.341766 -0.634757 -0.095238 0.818383 0.130198 0.559730
-0.339557 -0.642283 -0.095238 0.792986 0.250491 0.555362
-0.336223 -0.648962 -0.095238 0.664990 0.400081 0.630653
-0.332583 -0.654319 -0.095238 0.622110 0.510491 0.593615
-0.328087 -0.658695 -0.095238 0.557332 0.611300 0.561866
-0.323320 -0.662396 -0.095238 0.498860 0.679892 0.537481
-0.317973 -0.665732 -0.095238 0.377562 0.799070 0.467904
-0.312223 -0.668515 -0.095238 0.300648 0.853524 0.425567
-0.306029 -0.670605 -0.095238 0.248828 0.884103 0.395534
-0.299802 -0.672093 -0.095238 0.176899 0.914603 0.363605
-0.293950 -0.673209 -0.095238 0.112570 0.936692 0.331567
-0.288629 -0.674018 -0.095238 0.088868 0.941867 0.324020
-0.283309 -0.674602 -0.095238 0.059317 0.951199 0.302824
-0.277487 -0.674972 -0.095238 0.048844 0.954128 0.295386
-0.271072 -0.675239 -0.095238 0.041106 0.958100 0.283468
-0.264678 -0.675400 -0.095238 0.036963 0.959655 0.278740
-0.258858 -0.675531 -0.095238 0.032574 0.959324 0.280423
-0.253337 -0.675608 -0.095238 0.028118 0.959960 0.278722
-0.247519 -0.675645 -0.095238 0.023419 0.959303 0.281404
-0.241113 -0.675641 -0.095238 0.014185 0.958180 0.285815
-0.234705 -0.675660 -0.095238 0.001635 0.957180 0.289490
-0.228845 -0.675668 -0.095238 -0.007154 0.956323 0.292223
-0.223495 -0.675683 -0.095238 -0.016188 0.956150 0.292429
-0.218174 -0.675670 -0.095238 -0.025316 0.954910 0.295813
-0.212344 -0.675635 -0.095238 -0.033677 0.952113 0.303885
-0.205510 -0.675415 -0.095238 -0.031182 0.949505 0.312199
-0.197491 -0.675110 -0.095238 -0.025365 0.946234 0.322487
-0.188508 -0.674707 -0.095238 -0.023356 0.944845 0.326684
-0.179543 -0.674436 -0.095238 -0.031004 0.945705 0.323544
-0.171478 -0.674150 -0.095238 -0.037425 0.950893 0.307250
-0.164024 -0.674007 -0.095238 -0.031692 0.955460 0.293415
-0.156918 -0.673915 -0.095238 -0.017298 0.957602 0.287575
-0.149379 -0.673925 -0.095238 0.009686 0.962875 0.269774
-0.142266 -0.673975 -0.095238 0.029661 0.964709 0.261643
-0.135323 -0.674206 -0.095238 0.041276 0.965509 0.257075
-0.128342 -0.674675 -0.095238 0.048190 0.965219 0.256964
-0.120715 -0.675234 -0.095238 0.050838 0.964946 0.257477
-0.112573 -0.675706 -0.095238 0.049275 0.959674 0.276763
-0.105150 -0.675988 -0.095238 0.036592 0.952148 0.303440
-0.098810 -0.676162 -0.095238 0.025627 0.947674 0.318208
-0.093521 -0.676271 -0.095238 0.016215 0.944761 0.327358
-0.088271 -0.676352 -0.095238 0.009588 0.943084 0.332416
-0.082502 -0.676393 -0.095238 0.002363 0.940040 0.341057
-0.076160 -0.676384 -0.095238 -0.008526 0.936180 0.351418
-0.069775 -0.676340 -0.095238 -0.019740 0.932970 0.359413
-0.062797 -0.676127 -0.095238 -0.027500 0.931243 0.363359
-0.055326 -0.675672 -0.095238 -0.042804 0.928228 0.369540
-0.046999 -0.674948 -0.095238 -0.059562 0.922375 0.381677
-0.039783 -0.674308 -0.095238 -0.058143 0.920443 0.386528
-0.033578 -0.673949 -0.095238 -0.029458 0.921213 0.387941
-0.028561 -0.673930 -0.095238 -0.013068 0.921120 0.389060
-0.023474 -0.674042 -0.095238 0.005004 0.921816 0.387595
-0.017305 -0.674310 -0.095238 0.040182 0.924035 0.380191
-0.009958 -0.674699 -0.095238 0.055532 0.925882 0.373711
-0.001155 -0.675223 -0.095238 0.044444 0.942892 0.330119
0.008168 -0.675496 -0.095238 0.014322 0.949801 0.312527
0.017990 -0.675412 -0.095238 -0.025739 0.954476 0.297176
0.027973 -0.674864 -0.095238 -0.065323 0.956393 0.284685
0.037963 -0.674079 -0.095238 -0.075357 0.954092 0.289879
0.048017 -0.673256 -0.095238 -0.064488 0.951272 0.301534
0.057482 -0.672575 -0.095238 -0.032141 0.950682 0.308498
0.066105 -0.672324 -0.095238 -0.008144 0.950856 0.309525
0.073979 -0.672472 -0.095238 0.024413 0.951457 0.306813
0.081795 -0.672954 -0.095238 0.051509 0.952211 0.301066
0.089087 -0.673420 -0.095238 0.058755 0.953616 0.295236
0.095601 -0.673765 -0.095238 0.045268 0.956347 0.288708
0.101109 -0.673960 -0.095238 0.023211 0.958626 0.283721
0.106583 -0.674024 -0.095238 0.000744 0.959248 0.282565
0.112323 -0.673976 -0.095238 -0.015840 0.960945 0.276286
0.119131 -0.673793 -0.095238 -0.035365 0.962069 0.270505
0.127107 -0.673535 -0.095238 -0.044239 0.961893 0.269824
0.136243 -0.673178 -0.095238 -0.042580 0.961453 0.271651
0.145391 -0.672824 -0.095238 -0.039828 0.960386 0.275814
0.153682 -0.672485 -0.095238 -0.037661 0.959166 0.280326
0.160563 -0.672279 -0.095238 -0.041357 0.960427 0.275445
0.166306 -0.672111 -0.095238 -0.045571 0.961451 0.271175
0.171445 -0.671881 -0.095238 -0.051687 0.961901 0.268467
0.176689 -0.671472 -0.095238 -0.057170 0.962404 0.265539
0.182500 -0.670964 -0.095238 -0.067539 0.961370 0.266844
0.189416 -0.670438 -0.095238 -0.079175 0.958085 0.275326
0.196872 -0.669824 -0.095238 -0.092437 0.952152 0.291312
0.204571 -0.668971 -0.095238 -0.120967 0.940899 0.316347
0.211769 -0.667766 -0.095238 -0.149751 0.927734 0.341884
0.218653 -0.666440 -0.095238 -0.207284 0.902328 0.377939
0.224985 -0.665089 -0.095238 -0.252728 0.873505 0.416074
0.230721 -0.663662 -0.095238 -0.290260 0.851282 0.437114
0.235692 -0.662203 -0.095238 -0.311726 0.835179 0.453103
0.240103 -0.660252 -0.095238 -0.376649 0.785363 0.491264
0.244185 -0.658102 -0.095238 -0.410960 0.754054 0.512362
0.248675 -0.654437 -0.095238 -0.463444 0.699360 0.544164
0.253573 -0.649569 -0.095238 -0.582796 0.558314 0.590453
0.258581 -0.643097 -0.095238 -0.662431 0.440360 0.606027
0.262419 -0.636704 -0.095238 -0.722578 0.326028 0.609579
0.264813 -0.630762 -0.095238 -0.754985 0.248895 0.606671
0.266399 -0.625288 -0.095238 -0.775948 0.182619 0.603784
0.267629 -0.619506 -0.095238 -0.783367 0.154185 0.602132
0.268931 -0.612614 -0.095238 -0.806647 0.106731 0.581316
0.269649 -0.605127 -0.095238 -0.814383 0.083510 0.574288
0.270631 -0.598129 -0.095238 -0.825982 0.062762 0.560191
0.271335 -0.592519 -0.095238 -0.826769 0.059343 0.559403
0.272106 -0.587815 -0.095238 -0.830683 0.051064 0.554399
0.272092 -0.582621 -0.095238 -0.834168 0.044148 0.549740
0.272282 -0.576881 -0.095238 -0.827638 0.034192 0.560220
0.272463 -0.571106 -0.095238 -0.839364 0.015954 0.543335
0.272793 -0.565813 -0.095238 -0.839391 0.003054 0.543520
0.272781 -0.561113 -0.095238 -0.852875 -0.014161 0.521923
0.272520 -0.556672 -0.095238 -0.838828 -0.027280 0.543712
0.272279 -0.552292 -0.095238 -0.824932 -0.032690 0.564285
0.271702 -0.547272 -0.095238 -0.818043 -0.024130 0.574650
0.271565 -0.542215 -0.095238 -0.814094 -0.000630 0.580732
0.271485 -0.537652 -0.095238 -0.809182 0.014029 0.587391
0.271804 -0.533947 -0.095238 -0.810314 0.017388 0.585738
0.271918 -0.530600 -0.095238 -0.806719 0.021056 0.590560
0.272385 -0.527043 -0.095238 -0.810799 0.018014 0.585047
0.272812 -0.523775 -0.095238 -0.814171 0.009635 0.580545
0.272793 -0.519916 -0.095238 -0.818666 -0.007502 0.574221
0.272403 -0.516573 -0.095238 -0.816611 -0.012839 0.577045
0.272336 -0.512683 -0.095238 -0.817783 -0.026163 0.574931
0.272647 -0.509899 -0.095238 -0.821310 -0.029758 0.569705
0.272645 -0.506856 -0.095238 -0.822630 -0.036347 0.567414
0.271985 -0.504076 -0.095238 -0.819889 -0.037446 0.571296
0.271650 -0.500734 -0.095238 -0.820367 -0.039646 0.570462
0.271622 -0.497357 -0.095238 -0.818485 -0.036527 0.573365
0.271899 -0.493715 -0.095238 -0.819995 -0.032077 0.571471
0.271483 -0.488977 -0.095238 -0.821905 -0.028290 0.568921
0.271118 -0.482600 -0.095238 -0.820369 -0.027256 0.571185
0.270414 -0.475085 -0.095238 -0.817080 -0.046399 0.574655
0.269867 -0.467133 -0.095238 -0.809243 -0.091113 0.580365
0.263480 -0.472048 -0.102662 -0.774381 -0.073641 0.628419
0.257093 -0.476963 -0.110085 -0.728548 -0.073732 0.681015
0.244640 -0.456947 -0.117509 -0.560989 -0.321972 0.762643
0.236284 -0.446914 -0.117509 -0.376534 -0.545246 0.748952
0.224942 -0.441624 -0.117509 -0.180023 -0.717483 0.672911
0.210813 -0.438003 -0.117509 -0.127800 -0.778866 0.614032
0.187483 -0.435237 -0.117509 -0.084547 -0.803615 0.589113
0.157295 -0.433234 -0.117509 -0.008991 -0.807374 0.589971
0.096365 -0.432066 -0.117509 -0.015416 -0.795917 0.605210
0.007477 -0.431940 -0.117509 0.011177 -0.827981 0.560645
-0.110496 -0.432471 -0.117509 -0.000886 -0.841771 0.539834
-0.211045 -0.434147 -0.117509 0.011740 -0.810702 0.585341
-0.276042 -0.437077 -0.117509 0.038613 -0.803382 0.594211
-0.303760 -0.441788 -0.117509 0.330194 -0.679211 0.655473
-0.315187 -0.450094 -0.117509 0.526772 -0.467391 0.709970
-0.322753 -0.462098 -0.117509 0.643165 -0.234678 0.728879
-0.327287 -0.478284 -0.117509 0.702526 -0.054895 0.709537
-0.329535 -0.496346 -0.117509 0.699264 -0.013651 0.714733
-0.329695 -0.523623 -0.117509 0.678643 -0.016086 0.734292
-0.328125 -0.558409 -0.117509 0.716410 0.077275 0.693387
-0.325197 -0.598634 -0.117509 0.654128 -0.001292 0.756382
-0.321601 -0.627526 -0.117509 0.676585 0.117838 0.726875
-0.317126 -0.645036 -0.117509 0.628640 0.390499 0.672549
-0.310045 -0.652836 -0.117509 0.569880 0.522283 0.634395
-0.297847 -0.659221 -0.117509 0.390366 0.769047 0.506143
-0.280228 -0.664540 -0.117509 0.147316 0.918254 0.367570
-0.233800 -0.667790 -0.117509 -0.008436 0.942230 0.334861
-0.152469 -0.669117 -0.117509 0.014459 0.950438 0.310577
-0.032493 -0.668641 -0.117509 -0.022311 0.931549 0.362931
0.075964 -0.667301 -0.117509 0.021481 0.943649 0.330251
0.153545 -0.665140 -0.117509 -0.035052 0.946687 0.320242
0.190804 -0.662253 -0.117509 -0.132068 0.929650 0.343961
0.210150 -0.658668 -0.117509 -0.295655 0.856751 0.422570
0.222888 -0.652973 -0.117509 -0.438768 0.724697 0.531316
0.233588 -0.644376 -0.117509 -0.531465 0.588688 0.609090
0.243509 -0.633145 -0.117509 -0.638602 0.399784 0.657542
0.250441 -0.621689 -0.117509 -0.719782 0.238918 0.651792
0.254233 -0.600514 -0.117509 -0.757403 0.056789 0.650474
0.255422 -0.567071 -0.117509 -0.687895 -0.030831 0.725155
0.254343 -0.520494 -0.117509 -0.737029 0.028816 0.675246
0.247231 -0.521606 -0.124919 -0.725555 0.022660 0.687791
0.240120 -0.522719 -0.132328 -0.724541 0.005521 0.689210
0.232646 -0.519991 -0.139738 -0.697577 -0.019023 0.716258
0.231615 -0.516154 -0.139738 -0.693517 -0.025055 0.720005
0.230495 -0.511180 -0.139738 -0.678524 -0.040837 0.733442
0.229917 -0.506047 -0.139738 -0.672122 -0.063969 0.737672
0.229669 -0.500435 -0.139738 -0.670298 -0.071577 0.738632
0.229436 -0.495131 -0.139738 -0.658209 -0.110798 0.744637
0.229181 -0.489916 -0.139738 -0.655314 -0.141435 0.741997
0.228115 -0.485293 -0.139738 -0.630727 -0.181592 0.754459
0.226697 -0.480707 -0.139738 -0.608689 -0.221715 0.761800
0.224414 -0.476683 -0.139738 -0.552899 -0.293692 0.779774
0.222459 -0.472639 -0.139738 -0.519337 -0.352958 0.778274
0.219879 -0.469369 -0.139738 -0.460503 -0.401793 0.791517
0.217654 -0.465951 -0.139738 -0.414231 -0.467100 0.781172
0.214653 -0.463067 -0.139738 -0.375237 -0.501851 0.779322
0.211275 -0.460777 -0.139738 -0.288234 -0.576248 0.764761
0.206699 -0.459409 -0.139738 -0.211880 -0.624475 0.751757
0.201482 -0.458456 -0.139738 -0.155781 -0.646778 0.746599
0.195668 -0.457563 -0.139738 -0.091045 -0.661423 0.744467
0.190199 -0.456752 -0.139738 -0.062813 -0.660640 0.748070
0.185185 -0.456195 -0.139738 -0.034467 -0.669055 0.742413
0.180941 -0.455100 -0.139738 -0.022850 -0.677421 0.735240
0.176316 -0.454184 -0.139738 -0.017422 -0.677814 0.735027
0.171517 -0.453360 -0.139738 -0.012435 -0.678021 0.734938
0.166026 -0.453348 -0.139738 -0.015571 -0.678318 0.734603
0.160177 -0.453518 -0.139738 -0.018890 -0.674405 0.738120
0.153789 -0.453670 -0.139738 -0.026979 -0.679740 0.732956
0.147409 -0.453669 -0.139738 -0.026934 -0.683948 0.729033
0.141029 -0.453504 -0.139738 -0.025930 -0.688425 0.724844
0.134442 -0.453322 -0.139738 -0.017819 -0.695083 0.718709
0.127303 -0.453471 -0.139738 -0.004643 -0.699404 0.714711
0.120157 -0.453735 -0.139738 0.003132 -0.701005 0.713150
0.113393 -0.454167 -0.139738 0.005661 -0.697620 0.716446
0.107225 -0.454180 -0.139738 0.006709 -0.700697 0.713427
0.101618 -0.454149 -0.139738 -0.006783 -0.703280 0.710880
0.096363 -0.454087 -0.139738 -0.011900 -0.704121 0.709980
0.090820 -0.454416 -0.139738 -0.023615 -0.704786 0.709026
0.084722 -0.454857 -0.139738 -0.042931 -0.705198 0.707709
0.078607 -0.454838 -0.139738 -0.059130 -0.710527 0.701181
0.073555 -0.454017 -0.139738 -0.057871 -0.715864 0.695837
0.070162 -0.453009 -0.139738 -0.057822 -0.718381 0.693242
0.067392 -0.452723 -0.139738 -0.053577 -0.717623 0.694368
0.065200 -0.452984 -0.139738 -0.053577 -0.717623 0.694368
0.062476 -0.452913 -0.139738 -0.046550 -0.727706 0.684308
0.059691 -0.452031 -0.139738 -0.038282 -0.728213 0.684281
0.055802 -0.451546 -0.139738 -0.031492 -0.728783 0.684020
0.051368 -0.451403 -0.139738 -0.022602 -0.733741 0.679053
0.046423 -0.451745 -0.139738 -0.011339 -0.743919 0.668174
0.041489 -0.451716 -0.139738 -0.002177 -0.745356 0.666663
0.037036 -0.451766 -0.139738 0.001378 -0.738359 0.674406
0.032845 -0.451777 -0.139738 0.005758 -0.741477 0.670954
0.028613 -0.451388 -0.139738 0.005913 -0.746914 0.664895
0.023415 -0.451466 -0.139738 0.019040 -0.732650 0.680339
0.018194 -0.451620 -0.139738 0.028227 -0.728633 0.684323
0.013568 -0.452250 -0.139738 0.035531 -0.727751 0.684921
0.009352 -0.452048 -0.139738 0.042205 -0.722991 0.689567
0.004785 -0.452271 -0.139738 0.044397 -0.721946 0.690524
-0.000647 -0.452455 -0.139738 0.042617 -0.721221 0.691393
-0.006049 -0.453291 -0.139738 0.039426 -0.725468 0.687126
-0.012323 -0.453557 -0.139738 0.030486 -0.730452 0.682284
-0.019672 -0.453795 -0.139738 0.007261 -0.727445 0.686127
-0.027786 -0.453857 -0.139738 -0.003020 -0.734132 0.679000
-0.035281 -0.453708 -0.139738 -0.000396 -0.732408 0.680866
-0.041411 -0.453558 -0.139738 0.002217 -0.734937 0.678132
-0.047086 -0.453082 -0.139738 0.005369 -0.728741 0.684768
-0.052710 -0.453036 -0.139738 0.007984 -0.725082 0.688616
-0.059092 -0.453045 -0.139738 0.003670 -0.724703 0.689052
-0.066003 -0.453229 -0.139738 -0.011168 -0.721855 0.691954
-0.073704 -0.453367 -0.139738 -0.023599 -0.717582 0.696074
-0.081001 -0.453313 -0.139738 -0.040401 -0.699498 0.713491
-0.087698 -0.453348 -0.139738 -0.042435 -0.698872 0.713987
-0.092767 -0.452973 -0.139738 -0.048211 -0.707839 0.704727
-0.097746 -0.452477 -0.139738 -0.046464 -0.721252 0.691113
-0.103006 -0.451235 -0.139738 -0.046270 -0.718023 0.694480
-0.109968 -0.450007 -0.139738 -0.034078 -0.731224 0.681286
-0.116961 -0.449246 -0.139738 -0.027360 -0.732471 0.680248
-0.123421 -0.449079 -0.139738 -0.007960 -0.739342 0.673283
-0.128961 -0.449531 -0.139738 -0.002883 -0.727938 0.685637
-0.134711 -0.449748 -0.139738 0.018975 -0.736080 0.676629
-0.141012 -0.450336 -0.139738 0.034760 -0.722744 0.690241
-0.147367 -0.450986 -0.139738 0.040736 -0.727705 0.684680
-0.152692 -0.451666 -0.139738 0.046278 -0.715188 0.697399
-0.156912 -0.452077 -0.139738 0.046895 -0.711307 0.701316
-0.159721 -0.452188 -0.139738 0.046450 -0.707935 0.704748
-0.162502 -0.452721 -0.139738 0.043777 -0.705612 0.707245
-0.165069 -0.453324 -0.139738 0.042070 -0.706907 0.706054
-0.168747 -0.453602 -0.139738 0.040177 -0.705515 0.707555
-0.172968 -0.453215 -0.139738 0.038494 -0.704376 0.708782
-0.178751 -0.452835 -0.139738 0.036314 -0.709567 0.703701
-0.185681 -0.452731 -0.139738 0.030560 -0.715792 0.697644
-0.194251 -0.453137 -0.139738 0.023338 -0.718000 0.695652
-0.203100 -0.453353 -0.139738 0.008715 -0.722158 0.691673
-0.211390 -0.453785 -0.139738 -0.013384 -0.720106 0.693735
-0.218065 -0.453562 -0.139738 -0.022926 -0.730930 0.682067
-0.223647 -0.453433 -0.139738 -0.030383 -0.726761 0.686218
-0.228897 -0.452712 -0.139738 -0.031262 -0.733419 0.679058
-0.234666 -0.452364 -0.139738 -0.024812 -0.735740 0.676809
-0.241023 -0.451944 -0.139738 -0.018366 -0.739478 0.672931
-0.247965 -0.451871 -0.139738 -0.011896 -0.737453 0.675293
-0.254952 -0.451812 -0.139738 -0.002436 -0.732974 0.680252
-0.262197 -0.451852 -0.139738 0.016950 -0.731013 0.682153
-0.269237 -0.452115 -0.139738 0.058797 -0.698275 0.713411
-0.275639 -0.453100 -0.139738 0.107127 -0.678586 0.726667
-0.280848 -0.454878 -0.139738 0.196392 -0.612481 0.765701
-0.284854 -0.456958 -0.139738 0.271043 -0.544575 0.793709
-0.288268 -0.458714 -0.139738 0.312259 -0.504565 0.804928
-0.291123 -0.460420 -0.139738 0.383579 -0.461635 0.799850
-0.293635 -0.462448 -0.139738 0.422264 -0.432272 0.796765
-0.295960 -0.465175 -0.139738 0.445206 -0.391473 0.805320
-0.298653 -0.468175 -0.139738 0.501040 -0.319983 0.804096
-0.300559 -0.472249 -0.139738 0.562085 -0.231762 0.793944
-0.302328 -0.476395 -0.139738 0.595180 -0.176695 0.783925
-0.303150 -0.481135 -0.139738 0.604982 -0.123755 0.786563
-0.304694 -0.485336 -0.139738 0.640870 -0.078029 0.763673
-0.305197 -0.490918 -0.139738 0.652958 -0.055038 0.755392
-0.305644 -0.496519 -0.139738 0.651612 -0.038453 0.757578
-0.305413 -0.503326 -0.139738 0.647960 -0.008246 0.761630
-0.305819 -0.509795 -0.139738 0.652996 0.003476 0.757353
-0.305995 -0.517338 -0.139738 0.666396 0.010836 0.745520
-0.306146 -0.524153 -0.139738 0.659245 0.007769 0.751888
-0.305989 -0.530439 -0.139738 0.668677 0.003118 0.743546
-0.305736 -0.535942 -0.139738 0.666376 -0.003635 0.745607
-0.305509 -0.541661 -0.139738 0.663662 -0.004384 0.748019
-0.305243 -0.547889 -0.139738 0.668147 0.007103 0.743995
-0.305271 -0.554620 -0.139738 0.665807 0.026605 0.745650
-0.305288 -0.561663 -0.139738 0.677837 0.048724 0.733595
-0.304793 -0.568112 -0.139738 0.699076 0.067548 0.711849
-0.303631 -0.573516 -0.139738 0.686370 0.067534 0.724110
-0.302335 -0.577369 -0.139738 0.691830 0.066329 0.719008
-0.302111 -0.581273 -0.139738 0.697805 0.057372 0.713987
-0.302462 -0.584613 -0.139738 0.692790 0.050467 0.719371
-0.302377 -0.588537 -0.139738 0.690286 0.038105 0.722533
-0.301161 -0.591979 -0.139738 0.691259 0.030555 0.721960
-0.299990 -0.596312 -0.139738 0.677993 0.021345 0.734759
-0.299357 -0.601148 -0.139738 0.654737 0.020230 0.755586
-0.299278 -0.607039 -0.139738 0.663505 0.029056 0.747607
-0.299457 -0.613316 -0.139738 0.663349 0.044971 0.746958
-0.299823 -0.619639 -0.139738 0.662377 0.083101 0.744547
-0.300379 -0.625375 -0.139738 0.668887 0.136863 0.730657
-0.300284 -0.630692 -0.139738 0.660001 0.167567 0.732339
-0.299300 -0.635897 -0.139738 0.651513 0.248896 0.716646
-0.296956 -0.640850 -0.139738 0.604265 0.329416 0.725499
-0.293163 -0.645366 -0.139738 0.534105 0.459553 0.709607
-0.288357 -0.649177 -0.139738 0.453874 0.544240 0.705550
-0.282806 -0.652785 -0.139738 0.332925 0.646885 0.686076
-0.277005 -0.655673 -0.139738 0.243267 0.738627 0.628690
-0.270276 -0.657410 -0.139738 0.148553 0.806701 0.571984
-0.262229 -0.657870 -0.139738 0.112408 0.805660 0.581615
-0.252830 -0.658092 -0.139738 0.067605 0.848893 0.524224
-0.242773 -0.658645 -0.139738 0.032882 0.876840 0.479657
-0.233526 -0.659564 -0.139738 -0.006609 0.890302 0.455322
-0.224660 -0.660050 -0.139738 -0.030948 0.897064 0.440815
-0.215914 -0.659991 -0.139738 -0.052608 0.896355 0.440204
-0.206191 -0.659392 -0.139738 -0.062634 0.889742 0.452146
-0.196206 -0.658830 -0.139738 -0.051331 0.896291 0.440485
-0.186561 -0.658444 -0.139738 -0.029142 0.893277 0.448561
-0.177722 -0.658359 -0.139738 0.000866 0.891117 0.453773
-0.170221 -0.658225 -0.139738 0.024075 0.894673 0.446072
-0.163947 -0.658157 -0.139738 0.025852 0.885667 0.463601
-0.158538 -0.658110 -0.139738 0.028541 0.880652 0.472903
-0.153101 -0.658403 -0.139738 0.030805 0.885489 0.463639
-0.147233 -0.658684 -0.139738 0.028219 0.887472 0.459996
-0.141045 -0.658865 -0.139738 0.019018 0.898067 0.439448
-0.134919 -0.658810 -0.139738 0.007991 0.899914 0.435995
-0.128505 -0.658765 -0.139738 -0.001683 0.901765 0.432223
-0.121707 -0.658681 -0.139738 -0.015560 0.903865 0.427535
-0.114054 -0.658549 -0.139738 -0.019750 0.904736 0.425515
-0.106065 -0.658230 -0.139738 -0.016534 0.901512 0.432438
-0.098092 -0.658051 -0.139738 0.002417 0.901377 0.433028
-0.090423 -0.658011 -0.139738 0.010595 0.891644 0.452613
-0.083194 -0.658237 -0.139738 0.009750 0.879708 0.475414
-0.076247 -0.658436 -0.139738 0.000843 0.889326 0.457273
-0.069827 -0.658477 -0.139738 -0.031121 0.889692 0.455499
-0.064009 -0.658336 -0.139738 -0.052446 0.900696 0.431273
-0.057587 -0.657902 -0.139738 -0.059706 0.899060 0.433735
-0.050304 -0.657437 -0.139738 -0.060470 0.903786 0.423690
-0.041320 -0.656918 -0.139738 -0.036798 0.914143 0.403719
-0.032857 -0.656640 -0.139738 -0.004165 0.912114 0.409915
-0.023900 -0.656483 -0.139738 0.007113 0.922892 0.384994
-0.015552 -0.656447 -0.139738 0.009273 0.915259 0.402760
-0.006776 -0.656429 -0.139738 0.018771 0.907284 0.420100
0.000389 -0.656435 -0.139738 0.030083 0.898800 0.437326
0.007338 -0.656625 -0.139738 0.031417 0.893983 0.446998
0.014333 -0.656988 -0.139738 0.023083 0.883167 0.468491
0.022391 -0.657503 -0.139738 0.009235 0.879627 0.475575
0.029833 -0.657872 -0.139738 -0.001729 0.882220 0.470834
0.036331 -0.658089 -0.139738 -0.018188 0.895332 0.445027
0.041915 -0.658129 -0.139738 -0.023962 0.892104 0.451195
0.047805 -0.657980 -0.139738 -0.019640 0.900505 0.434401
0.054522 -0.657636 -0.139738 -0.010560 0.898250 0.439357
0.061986 -0.657158 -0.139738 -0.002592 0.903658 0.428248
0.069388 -0.656852 -0.139738 0.002068 0.911805 0.410619
0.075812 -0.656738 -0.139738 0.011914 0.916821 0.399120
0.081292 -0.656906 -0.139738 0.023660 0.916469 0.399406
0.086290 -0.657259 -0.139738 0.027635 0.917488 0.396802
0.091299 -0.657806 -0.139738 0.029405 0.913731 0.405255
0.096360 -0.658259 -0.139738 0.030201 0.906612 0.420884
0.101400 -0.658503 -0.139738 0.030620 0.903420 0.427663
0.106717 -0.658387 -0.139738 0.025412 0.900759 0.433575
0.112574 -0.658227 -0.139738 0.014952 0.899690 0.436274
0.118978 -0.657824 -0.139738 -0.019717 0.885972 0.463320
0.125337 -0.657670 -0.139738 -0.042698 0.880337 0.472424
0.131147 -0.657333 -0.139738 -0.062111 0.871982 0.485581
0.136415 -0.657303 -0.139738 -0.071670 0.875886 0.477166
0.142346 -0.656813 -0.139738 -0.075347 0.868435 0.490044
0.149337 -0.656326 -0.139738 -0.064504 0.864078 0.499208
0.157421 -0.655576 -0.139738 -0.041658 0.870520 0.490366
0.164829 -0.655145 -0.139738 -0.028873 0.864286 0.502171
0.171419 -0.654852 -0.139738 -0.030293 0.856338 0.515527
0.177453 -0.654695 -0.139738 -0.050021 0.858574 0.510245
0.183726 -0.654215 -0.139738 -0.099104 0.856835 0.505976
0.190558 -0.652869 -0.139738 -0.169905 0.846207 0.505041
0.197793 -0.650469 -0.139738 -0.264010 0.810309 0.523161
0.204824 -0.647311 -0.139738 -0.389031 0.717367 0.577962
0.210753 -0.643957 -0.139738 -0.488834 0.608183 0.625423
0.214808 -0.640948 -0.139738 -0.539308 0.594060 0.596858
0.218059 -0.637935 -0.139738 -0.599712 0.522029 0.606491
0.221127 -0.634799 -0.139738 -0.599712 0.522029 0.606491
0.224251 -0.630494 -0.139738 -0.635557 0.436877 0.636558
0.227291 -0.625918 -0.139738 -0.685937 0.347279 0.639444
0.229526 -0.620999 -0.139738 -0.711541 0.269598 0.648865
0.231462 -0.616451 -0.139738 -0.717244 0.253146 0.649213
0.232810 -0.610716 -0.139738 -0.731482 0.189063 0.655126
0.234155 -0.604298 -0.139738 -0.740608 0.097698 0.664797
0.235251 -0.597143 -0.139738 -0.743650 0.030777 0.667860
0.235137 -0.590461 -0.139738 -0.732675 -0.066559 0.677316
0.234095 -0.583806 -0.139738 -0.729399 -0.089474 0.678213
0.232388 -0.576863 -0.139738 -0.740563 -0.070550 0.668273
0.231935 -0.569640 -0.139738 -0.737652 -0.034508 0.674299
0.231800 -0.562145 -0.139738 -0.748034 -0.003508 0.663651
0.231836 -0.554968 -0.139738 -0.754385 0.017112 0.656209
0.231430 -0.548596 -0.139738 -0.747719 0.027977 0.663426
0.231828 -0.543344 -0.139738 -0.739597 0.019316 0.672773
0.232767 -0.539306 -0.139738 -0.736865 0.014721 0.675880
0.233123 -0.535173 -0.139738 -0.726606 0.005842 0.687030
0.232917 -0.531335 -0.139738 -0.721042 0.000658 0.692891
0.232709 -0.527157 -0.139738 -0.716352 -0.004110 0.697727
